#AppSettings
#Wed Sep 03 19:13:55 CEST 2014
covAcc=0.7
covBias=1.0E-4
accZero=58.0\#0.0\#-22.0\#
accSens=5.96497486061345E-4\#0.0\#0.0;0.0\#5.913912360549946E-4\#0.0;0.0\#0.0\#5.897558233964392E-4
gyroSens=0.007000000216066837\#0.0\#0.0;0.0\#0.007000000216066837\#0.0;0.0\#0.0\#0.007000000216066837
covAccMis=0.025
covPress=0.010000000000000002
magZero=0.0\#0.0\#0.0\#
magSens=0.03533950372556194\#0.6045248928384416\#0.3766224324729197;0.6045248928384416\#0.4437790115267197\#0.7327049599353054;0.3766224324729197\#0.7327049599353054\#0.48551444439918445
