#AppSettings
#Tue Sep 09 15:11:22 CEST 2014
covAcc=1.0
covBias=1.0E-4
accZero=58.0\#0.0\#-22.0\#
accSens=5.96497486061345E-4\#0.0\#0.0;0.0\#5.913912360549946E-4\#0.0;0.0\#0.0\#5.897558233964392E-4
gyroSens=0.00763358779\#0.0\#0.0;0.0\#0.00763358779\#0.0;0.0\#0.0\#0.00763358779
covAccMis=0.04
covPress=0.02